5
4
1 2 3 4
1
0
1
100
5
1 9 0 100 21
100
86 77 15 93 35 86 92 49 21 62 27 90 59 63 26 40 26 72 36 11 68 67 29 82 30 62 23 67 35 29 2 22 58 69 67 93 56 11 42 29 73 21 19 84 37 98 24 15 70 13 26 91 80 56 73 62 70 96 81 5 25 84 27 36 5 46 29 13 57 24 95 82 45 14 67 34 64 43 50 87 8 76 78 88 12 4 56 1 0 11 44 76 54 12 87 99 100 0
expected
4 3 2 1
0
100
21 100 0 9 1
0 100 99 87 12 54 76 44 11 0 1 56 4 12 88 78 76 8 87 50 43 64 34 67 14 45 82 95 24 57 13 29 46 5 36 27 84 25 5 81 96 70 62 73 56 80 91 26 13 70 15 24 98 37 84 19 21 73 29 42 11 56 93 67 69 58 22 2 29 35 67 23 62 30 82 29 67 68 11 36 72 26 40 26 63 59 90 27 62 21 49 92 86 35 93 15 77 86